00034436
787663
246634
180606
441758
634204
0699631
870048
889042
126487
874091
85432
562475
521173
352312
306809
530573
33872
870289
941058
369383
217999
914972
939206
231343
184866
0464552
772434
303972
852386
0541165
536714
547932
0884386
387603
442306
836097
282061
605645
0749015
869711
232213
797058
147657
666817
198179
791928
927114
999239
202102
72577
0201977
462075
095901
807659
326317
406765
496877
00515647
66483
804736
199007
716846
0374494
412253
734974
710358
992247
701627
244959
0311122
902255
191599
207967
308885
435616
403118
203695
506628
889
423961
516077
698179
292033
202874
69991
393879
918128
976147
0971774
260575
478161
444671
584043
00899763
223189
131554
0264681
84996
277363
641375
588364
637344
846419
763679
152812
305852
454365
515793
933125
0358734
924877
401689
192449
493369
049743
029771
361067
447239
7388
00357481
0818785
131982
228904
182557
232062
267481
556075
95942
97174
0275891
690582
614743
979233
975847
0599148
988605
491452
836211
205329
964779
0379884
47043
518669
265424
985735
24007
855542
0935619
49464
417343
288186
545355
789317
0469857
687843
575335
655165
351897
335212
905037
962999
129823
943015
248508
673634
765886
248925
689418
0537736
772295
968528
0556397
136736
126797
0749173
134524
944812
458739
0335205
379062
901207
593562
993674
672426
470929
902064
992563
00552614
877833
735542
262059
417324
972705
257115
338779
860168
840503
330534
286685
31516
897093
434402
994256
455865
729913
646733
635125
551093
217253
375532
568892
361701
108898
247604
488263
231694
0875609
635499
840066
985369
0994458
3862
86853
390582
513499
377879
0101613
780409
331891
0988374
160822
933726
12458
815287
53195
483407
625031
892226
645016
786181
347925
571398
492596
0669547
306834
961133
758597
741484
119416
0261819
038676
0274887
00273956
0438139
379844
0297462
944727
0315227
802475
192507
46315
160147
596455
616214
701161
409496
396059
566675
108222
895025
691983
153558
845449
455435
497542
182096
490069
588232
414859
534569
497914
440249
262375
738387
0679481
00401727
518322
444445
782736
447608
940172
469228
315421
278364
472045
654068
927567
624321
969872
634684
129378
458908
870916
483389
321532
98834
0262267
792715
167225
553112
149424
372099
871512
505321
931534
293991
114259
354308
849931
783691
500774
515851
904323
954617
256124
67251
877241
795678
957303
389081
289956
292775
662101
939434
0645736
288894
443581
268648
17258
558503
754425
6132
058768
713784
569124
270683
367177
148644
259104
754394
0996419
680648
648147
406118
617331
48433
127973
835247
00353939
486503
657825
0652282
291071
0300104
3853
730986
683814
856258
134916
537041
0530703
952459
971683
0729521
105798
144357
212092
626529
0752441
627453
609883
298517
169961
531873
187173
810407
516343
175566
745252
451648
853882
20273
279034
730637
813051
94139
936999
148182
496339
973855
5819
998347
210073
701097
332713
901015
364026
188472
647433
411291
567081
922243
138734
710147
432267
107934
0520525
845604
0689728
226514
02339
115123
879493
645541
613707
581465
682014
608046
422144
971236
571698
528912
422852
865299
0729263
672475
291641
612218
544675
35161
514184
890617
595738
565859
390303
827648
284135
458025
0215229
734905
541044
325934
977254
704699
876472
867103
396624
0672143
670778
774112
508226
761794
467161
573682
881454
599291
282152
129126
220741
00172945
0668928
267492
742867
37181
00396444
630288
246237
513643
793089
440044
827233
303953
535536
746764
855245
0973408
00683197
824944
841019
998035
967071
563753
993294
297888
600175
145163
753362
75449
715364
130859
344493
891253
282426
73251
300812
740586
0293387
0960985
127714
497576
762914
30394
326008
217099
789559
116009
762352
849608
362553
431835
843694
965543
875676
482775
995929
58062
478469
620914
704054
0350176
540691
39087
347918
453455
218129
0947492
449346
158865
0436591
779118
628133
0293459
216734
651181
398012
396048
378138
362906
362814
810305
790809
11865
15063
646512
93168
738206
0231852
674456
579381
655771
549461
784718
749724
618642
520991
288821
20732
428095
000281134
725014
308836
601169
844146
564243
229562
246147
995515
619096
142066
709243
246309
708408
220289
392925
897722
017649
625961
53083
664057
807359
289633
868592
424962
336807
710892
963497
495109
291712
797584
994992
822499
745865
750861
716181
849342
882591
702683
00076847
915677
786404
0842961
76376
518255
309136
648113
828359
234735
188235
657934
892247
998486
558845
506696
0459566
392107
139646
0298808
207205
50147
211436
607244
94721
757568
442289
544025
423346
170626
710628
529178
894338
139025
595288
00424787
393995
877898
827524
203487
00550907
591012
138683
838211
80729
118989
840855
247684
826024
985822
705284
702549
743957
679088
435695
732255
00318006
447285
523604
218356
916772
191261
52917
752884
725042
784695
361763
158946
409564
543131
402594
40227
951611
722134
906702
939624
262663
575263
44639
472056
848804
850812
595948
102454
949085
271852
0230489
382801
736559
350169
287032
144397
872457
390479
785515
149635
911074
417781
653543
100088
180008
392888
271135
970792
108261
542618
786263
715943
850615
280495
275414
888865
151066
969333
578534
413971
605621
667813
931661
421379
110446
259803
50474
172466
64368
324564
948256
341541
283177
35772
193746
288954
452103
491104
985609
131803
206172
131869
322103
578929
0625731
66664
211887
181181
115534
785701
272857
906961
300078
409789
324919
908741
205613
740508
711691
394087
41567
161366
0708238
33533
894422
553367
446672
220048
352586
909207
0368817
871306
0428179
640993
165373
416144
136968
0215113
539809
567061
596463
746765
883005
661875
13891
656962
56641
646268
834325
496904
457646
65359
882044
515035
187445
381766
343784
977445
911358
196719
257739
821927
123563
723397
129491
354345
481675
51395
962382
7545
875727
340138
697545
632456
68312
206238
244998
678635
812694
953536
0852823
33904
242856
686485
75491
774061
640439
851844
949036
447055
65017
404711
975106
60932
835262
253428
356541
380157
30529
0161943
177871
472851
202531
938756
665733
972748
982385
945606
805376
948228
870425
234482
939745
290405
832331
984923
593386
0451125
205357
432608
840812
53417
788955
959808
490056
379049
672857
715517
697188
637527
921243
329885
371796
769682
0465997
200918
821944
405837
896802
546647
488653
797627
714924
720555
368243
0591961
908816
466973
422747
110259
118549
445789
375508
15753
604018
737558
13802
709497
517902
375488
827116
341679
592066
846751
342268
498973
245881
516499
806017
727385
156043
621872
803991
680518
473191
923255
142688
154018
579929
858408
257649
302821
507347
974753
680234
700796
28465
106898
641973
64283
0499318
203395
46031
42781
201895
249414
907771
912036
587053
592309
940138
893912
972614
73113
100847
934446
23778
374583
624535
555891
854598
221192
573405
220796
925687
0235476
765015
601492
273557
668625
576544
978117
209427
832305
544807
56587
579819
0151881
267012
670969
980177
831602
726426
0350532
139721
293174
379279
534552
222481
230871
244271
464294
390562
173373
877144
158464
304326
800521
351559
648846
151995
582079
996723
915164
167294
702054
422875
255819
545479
866842
0159238
63183
170154
78387
505826
422675
901859
552521
228437
336489
363306
0866902
00176991
746871
66514
7.56364e-05
271222
419853
461273
623628
316838
102717
362922
638231
756607
297702
475443
762482
0392383
478769
666457
143003
452157
40099
437321
0509557
411859
118123
298146
938966
195692
987486
673276
749208
943535
985874
591855
30319
714855
566033
308349
428882
217305
242412
220458
229609
0321103
677889
283577
0815648
85906
222596
163992
20948
734482
431797
213781
0151262
225714
568257
692059
431549
0454879
515312
853534
342595
992482
644747
271071
882567
304971
644988
320019
56265
451592
914789
851993
440819
842657
539466
809663
00645516
49194
0413065
238578
78412
708446
847228
358982
417662
645117
478281
47541
220084
944369
00751935
377714
242381
704708
0209078
396983
0928456
455399
890145
665896
716619
210144
882331
331077
412294
428437
747615
157426
855216
618797
128776
337519
678702
945303
707623
0206944
810181
719153
803053
910635
0392919
378402
803666
219184
826171
462163
57683
782545
232199
560678
311841
119271
588244
623056
702809
110695
451058
936425
490662
548829
163215
16131
144863
705002
961937
280309
156512
501836
362908
38796
441218
550709
761524
931764
162378
0860314
930541
602537
842731
771556
540575
441118
864909
521958
545363
923962
0230929
121806
192205
382717
325739
690789
0936264
578365
586405
712756
287773
601448
544476
00289472
651544
507777
211891
251384
00949399
565441
36454
829081
363979
399997
741429
197501
40089
754143
876549
153241
527501
712232
481558
545305
947152
791755
0215428
0692392
703816
0296931
0522394
988314
593953
566063
818464
930375
8166
599361
456225
770414
353151
40127
144013
429829
140969
262311
654286
585072
310392
760698
0594856
775205
874414
278456
0103879
590168
954093
435602
16529
0333892
172097
428791
693151
784322
106381
951017
743693
252189
532748
893414
601209
519883
668409
948685
557188
65156
774202
0212749
567762
377285
0277368
173161
321906
276671
00824401
556993
375223
373028
476455
780335
0942215
581483
979565
543213
780888
390602
849297
138217
0121154
622969
24298
761686
657125
303267
0161688
74868
0720868
562267
0241711
2432
469929
102676
683398
869776
324508
999998
960054
631129
390436
0497267
75602
432313
884279
0744851
871145
327459
605396
898837
752873
543948
131815
410213
453544
708458
0465185
83722
151586
712076
863215
0521309
164191
555519
611198
397616
739283
123206
722481
741205
43992
741122
0380611
69251
0127495
28088
745184
311425
113528
0633392
541314
871818
649194
0112534
136399
454816
0883296
556186
810654
657071
399291
875487
311546
147249
815277
362313
401849
879672
650617
915145
845818
655868
17866
743
598435
899305
611268
58472
390988
338476
774491
875776
169303
468509
238316
371347
231206
875993
8205
135123
0112527
124143
46664
810395
310079
49716
766986
727422
77334
533374
418174
251024
956275
110117
739747
929696
404642
825882
600509
749751
0680559
815399
413237
273845
521169
293638
168011
757472
838681
71431
404039
675895
769217
229818
546565
116268
120325
299255
585322
502094
690037
447184
823412
080798
972184
495252
707281
278205
79966
892467
689856
408925
801752
0498793
32177
991551
999475
181834
0856544
59335
430109
834427
210784
654796
151887
757134
146821
62174
588182
570402
738766
439254
549664
210226
261141
000903191
179932
115429
0156656
292077
940478
610292
173074
858461
157204
124652
0274744
762267
413735
650714
545793
138591
291564
309597
395216
401784
786227
111622
0287654
459936
146828
733861
998535
372247
360556
862698
358968
171397
677075
601213
590359
166191
174612
701626
220533
501675
658044
744537
441419
937265
609369
666337
119613
330099
979016
325464
0732313
798622
43827
0085704
0426827
367839
277882
361523
123451
842939
282058
552371
697178
464283
200765
250473
692475
434115
166051
821293
472571
500597
534857
344659
687841
548725
426685
293802
924763
49643
501766
178128
802977
640728
717788
858823
23326
407242
508598
00273623
987871
147734
962903
513584
81131
682211
91759
938154
549438
411635
343364
912933
669202
274613
422908
811241
519228
665348
498486
0571349
26569
446194
177053
730005
187299
927957
16953
285171
876846
152006
765091
87636
990019
241978
931134
564488
347124
118018
533996
874603
44441
202599
0775237
940059
569549
41118
709719
242823
128066
402188
578717
494876
376688
992132
766643
973757
926858
702288
352589
957699
0450171
601882
839035
666796
836491
904586
382754
942042
896992
745933
900304
40805
0918016
910166
161308
0985461
264371
289641
988828
240001
701372
952869
866565
365088
0381505
196229
0256744
50946
488281
544585
836793
980676
21369
486754
868756
182912
201046
981591
600786
407435
7573
943981
490298
441545
0448512
814952
890366
389589
817764
15518
111298
589431
565639
692297
433524
235766
51879
305242
205609
677615
674026
349718
70321
843846
514802
284794
537557
72745
25456
397354
32262
271685
215402
253607
372064
284542
302748
287975
992747
104221
634292
550759
608791
949633
483348
632013
246129
686131
798793
308075
810878
424646
0328137
499565
191803
631503
67278
405336
482226
77296
137258
897738
290249
21866
0198076
906802
623006
857052
479619
961915
909918
999151
724358
286764
645682
978766
117202
809933
550062
886385
466712
0313165
336567
683028
646216
949225
625367
540548
99287
169631
982734
817708
213206
354655
688457
894411
360369
724817
992803
0403325
869132
503347
75107
2389
191625
638559
254913
329233
416076
991563
203141
189695
202954
0457328
631928
809333
452832
751323
482256
270365
0213836
393991
799384
240434
970895
827386
870086
540125
886621
43645
417445
00172278
954843
0409794
741469
877871
375426
791617
708467
207491
306446
441853
22799
819754
604675
777857
445016
379673
1611
610012
479147
01772
820375
0388299
614699
238593
0288038
105854
092021
596707
852572
185118
281163
501918
742916
183068
81647
411171
542962
567171
445466
943827
907189
131493
99705
42161
998124
472223
648093
497648
973959
32974
937959
279863
659109
641542
39922
697032
00909596
87586
571663
93554
622368
136586
595874
858836
463011
83055
0584361
136009
902892
913608
00465676
266213
236599
526864
00457697
925172
368139
310511
763122
791809
930521
262568
972751
0319651
237494
565092
496814
950874
340927
967388
898386
175062
264418
0790473
54783
370824
446928
52027
184894
520303
727817
428204
824623
446506
42065
86422
952721
388494
423691
969379
346308
402525
243333
704405
930418
536517
234341
567392
161449
480251
580984
59008
479675
900156
923037
476386
619473
48872
910857
781447
777189
221658
403813
882438
140228
818939
910321
77076
164793
679687
499326
175592
173988
223221
669038
515607
801067
533823
964171
829444
473407
559715
123646
122133
694526
893133
891903
207388
567122
615354
25679
873085
9466
507247
296553
163861
00716341
395511
360947
442608
91282
767558
354388
197326
460836
268649
181213
644683
187095
504296
701031
225767
459336
0584656
631113
114908
261895
670652
654419
813686
61633
665431
895102
975429
0354354
562235
490569
996805
299062
336682
613151
232452
822574
00360154
531104
269484
218792
241479
538722
305817
870002
115304
906138
465123
326328
595083
559135
380419
704305
250003
794949
704402
880267
64237
315436
537347
188992
389785
119083
424975
548307
388079
441724
0562738
793535
950635
3287
462608
0519362
891681
476323
55738
890104
979398
747994
533702
927359
12008
188306
862882
45011
993891
333156
350568
00228364
381219
151455
504523
525464
481321
55608
0319313
669347
710899
0840545
703197
636095
844216
741517
669806
421133
982959
598016
858711
348592
792479
19096
464468
30943
586074
148873
101115
44382
285939
78231
281596
784441
101699
247029
809376
186022
474392
10005
532024
721719
928484
0331198
644839
816786
727263
11171
504693
382175
220909
810339
375235
571442
22246
886464
792366
296486
0328564
218323
35919
913083
183595
682885
25598
256424
715126
121058
616427
282453
180586
102258
656492
666692
0859748
97905
895944
125685
381767
363686
47804
415693
544005
0848239
635138
758022
0763718
580251
27838
727458
389784
107257
671377
828665
36773
430428
208943
70912
186048
911831
141642
580297
0535424
887685
318921
109574
602406
641275
901743
586311
121459
366999
149313
506402
104348
774984
161185
0433337
309667
576427
00553523
0306896
800083
989606
313051
449619
748984
167178
766953
178605
817485
46576
036323
481267
662293
15345
0303414
948533
7.50879e-06
1262
0468338
13582
733377
871703
71688
594436
69356
654544
922947
971
589
316206
475282
0688651
415618
283818
133253
577368
83108
961338
209987
248366
288477
441109
726539
933863
443267
989629
698335
923392
44339
0545228
365284
320389
776896
296907
119086
477842
0860655
50203
623365
898963
862839
737018
0598625
109829
902448
448214
133916
728293
424711
112743
8728
147791
928607
0928011
707621
980639
599782
531114
431678
207914
406176
604056
374045
580179
0679299
698531
203838
901904
292137
94403
306252
176723
188927
301755
604237
417478
548316
553967
516682
866683
341732
485
387614
620293
268475
258299
226945
267415
439526
120875
538449
706518
452657
802425
359061
741015
238176
026606
167567
29949
534226
73463
933825
792348
991789
00368846
99192
192254
218996
664553
141887
694823
888752
251301
618177
698229
139598
219179
733883
368565
478871
380189
840935
593953
561727
94653
325027
724427
446311
152836
707697
262097
0710611
324149
969678
384299
907509
501337
967326
856485
94394
79469
362935
843815
991226
538305
297108
492275
659145
246747
0848397
900992
965147
233561
466582
848667
552059
448353
462824
690987
411647
5498
485171
270785
0891429
224329
297698
41507
0799845
299783
451651
899988
0918397
549987
638564
344846
829956
0768335
340229
231466
249705
792639
880194
426927
3654
275205
364854
105048
538487
349032
178912
976956
700292
800138
911537
201419
245363
817224
0822111
721184
940306
723402
223775
990079
258992
87209
209291
555817
622218
623382
181346
877773
732648
615272
884522
16885
865012
251765
421912
0790891
251201
93492
208444
324927
0420551
820296
721566
358038
551209
16645
519358
852411
470307
453212
127755
185154
883754
253917
574698
949975
229915
173722
743188
756046
872233
62335
649646
59506
173874
30126
276714
738609
79492
219496
0619889
847818
270563
344851
915726
599454
0189551
578262
84586
366362
442143
105359
774711
574651
164121
389069
0877149
224791
0649706
961375
826392
16456
763654
7255
474157
159379
67724
37473
0832591
335876
067013
287987
195943
219814
415272
484134
844576
786988
902719
996657
818713
117788
663231
915343
164159
0203521
0572443
105685
243262
499512
29332
830349
670581
452891
737837
820451
321227
870513
704266
60482
214308
868456
139341
90962
976993
32032
618328
231977
84082
664213
420842
0978414
420649
839466
898697
40886
713323
826607
778402
600404
994234
0898731
496788
519445
320356
224002
809864
381099
139272
744578
130312
156453
501039
968249
357384
555598
940225
355572
101466
336708
0581351
0764726
274378
474152
0779218
631941
0345364
452686
294469
139802
647621
57197
102822
131612
994512
758975
0996654
0761925
56796
699101
794999
540508
32525
470151
82633
126854
0367859
260225
594515
0186029
659766
682021
731585
74613
201247
36403
259754
693608
464566
952482
366241
419004
192511
532108
139599
234949
782526
91329
658887
906173
0436954
388854
474132
728787
731212
481113
0703009
548008
3705
987292
416951
690158
481524
966835
594617
735575
814342
64442
773477
820975
124422
153069
637935
777009
196156
788748
488195
0895297
725835
105989
357113
000275701
633711
788999
70948
231707
301651
851694
423654
359728
947225
0147423
774007
734912
666681
902047
709491
415267
388934
818921
603849
882514
415981
399171
867076
952815
953862
559773
101081
876495
243215
708109
192183
0201683
969241
0298438
584915
668859
521058
417954
558629
874744
830764
652657
207525
869084
693443
694602
177738
241373
753762
482475
964168
779716
682302
443497
860708
919107
427856
971642
385492
958025
528461
843154
885162
919276
27541
812018
581524
680674
0928882
172467
64537
736726
159006
40997
3609
652904
355383
923733
180126
38477
822058
325739
694687
599445
869816
994171
0308401
329448
0296673
619105
292505
128607
491812
881244
0721263
226405
189335
155237
0614742
197676
340991
0288633
105516
413701
0645109
233923
544353
938032
510747
133201
712985
140069
131528
596167
77083
341143
598472
512884
0423208
286375
102681
757122
95574
126643
48424
627431
226665
55072
95536
728163
239393
473849
97671
564705
99674
213999
674658
980071
060862
907245
0640906
171423
107408
206494
549
043695
381161
172486
968756
878132
770919
833421
30315
0464829
238925
613834
707616
89523
1279
610233
182788
119052
904576
20616
92339
418502
764357
540359
812969
577081
00669466
517206
688042
923495
178621
0867588
154899
393038
797706
0518631
663215
647407
967982
872147
169978
819312
175518
927076
359738
117895
459288
259268
518339
721827
745024
611437
418148
805656
666903
633652
79534
277284
313185
704952
124931
708481
434119
246177
505168
35986
160648
00583381
0488089
330622
765697
0632879
67967
219033
281247
924979
127396
143197
711308
945182
672853
642693
738069
730004
181765
930741
956567
0195282
210409
347861
504547
919006
72746
414101
795165
337113
854625
675536
73662
376566
941796
759981
00265857
682597
406965
862873
303232
424221
888074
863543
559539
174169
265143
250382
169816
0997425
372591
144877
942696
896101
76955
819669
175604
372356
179999
241534
46185
319466
27336
357014
334558
92011
285855
367302
2495
342188
157847
930504
988488
519411
733582
309874
0564376
546109
448414
498543
00725609
95317
932308
303069
672626
832519
144365
346157
86884
594413
304213
91266
0693785
0442366
484473
534605
0997148
90693
77802
181631
671902
651691
967042
0679836
600567
723148
948918
471742
564745
666231
35101
420735
288307
568652
332921
401695
295898
159852
640892
467215
478411
649763
574537
237402
0217709
902681
359364
828163
932007
241638
211967
536575
224298
782214
678654
135438
308844
737559
15318
498193
125411
780794
797255
465623
717487
807707
139406
999113
0894048
626012
385892
693563
711231
651147
820348
591905
149307
396669
81302
432762
427686
113898
282916
963863
64334
615783
470989
906978
576098
484501
0134219
581593
840542
993091
881216
594921
841311
91042
422093
11194
380249
842562
931617
686467
449063
408838
340053
263339
938165
741012
193613
0504403
750862
745639
957576
981023
06178
33665
0780545
862339
33109
635432
702315
810956
731337
581922
364159
417829
449461
0985289
974459
735354
100878
463164
404596
0477297
192847
179381
861389
367285
958218
768789
0389653
889895
457446
296414
827056
322842
00280514
145908
268094
860007
139004
248361
197175
921273
83485
321424
180675
611762
875843
287605
771519
927199
430048
808992
735169
978666
435652
995386
457351
69499
696383
11742
471461
846556
058347
637682
519504
297095
271501
109679
376214
0232683
0699914
34546
151983
371784
576355
800157
238249
246385
989538
166981
450537
172417
81781
931008
452237
74502
553216
908542
857665
768571
378173
957953
312384
238556
418989
944478
836526
495728
694968
323238
658757
720909
325566
782002
101596
526292
385124
777463
821786
764163
289481
304219
0163746
208147
325966
516021
766035
746852
342184
0932479
217601
222159
821222
272804
0207503
750175
196736
53588
54338
581108
690435
144341
944868
400291
687123
477349
805328
156059
878585
37498
290692
656168
221409
222959
264474
0215065
459816
119329
554464
883767
469071
680032
295887
980691
477846
150179
0595908
542165
160843
292048
450672
449359
36959
698605
452418
782935
787213
692826
327473
830514
451775
984361
156343
648632
552249
644884
573174
328336
343679
205343
204602
75043
484318
934661
85188
552081
828245
307061
773326
28905
0715038
764075
816456
1825
271868
290867
605911
550685
357683
581896
927753
739224
141091
308523
340534
352166
846034
287687
15771
637159
733504
00305841
402725
59183
883986
156309
0781598
631333
817344
106408
391634
189628
0762228
076525
156113
78444
084731
0731039
657038
832536
435021
396534
539296
943013
213876
618921
212335
722092
194393
159374
599869
992156
169044
120672
130104
657471
112867
963223
891004
110165
543038
836733
979307
216773
296989
501677
68042
811074
717036
217992
790901
67065
62017
204325
0874405
612453
505671
81003
168195
850234
889497
780692
093971
370638
308797
944896
874459
0355555
5814
582221
391905
739848
620098
988428
508212
525203
0798254
624793
887966
0457039
145949
970378
140351
871381
300649
99969
78594
289397
889063
48506
409393
667762
0769194
784922
186393
702945
396441
98285
760009
472241
949886
726297
870788
337477
975401
565047
746555
343889
747926
389792
232706
0905829
426374
0706941
156477
905741
787274
708595
35392
334071
735097
77857
431218
475281
0461217
166805
494752
295969
355777
535685
249683
42912
213011
0709219
984072
302561
148568
976714
630118
389574
563282
0724608
848642
121741
106147
0153942
730783
270632
516858
831038
252058
334861
0048315
202972
344684
112359
42143
970571
394257
285255
280615
295839
158101
198623
25279
637475
0416764
455564
667661
374606
000623119
472762
71275
194631
170232
0855362
607675
188652
674501
333913
0823885
702968
785286
306316
254837
0453952
957309
49451
2355
0520699
138029
846889
663773
0269192
430182
0705314
420582
714989
812373
547378
779669
89547
160429
324036
0694437
140875
690885
707956
61485
785004
558167
1203
874894
343373
0703137
762584
742037
418411
227618
569506
685535
789078
0285598
00513414
28947
120879
61215
397869
987976
910717
428136
679673
257327
895645
101821
302491
97329
0786062
134489
357913
440007
190409
205669
686074
844179
117904
607308
0334552
281798
171772
971785
786528
172974
174047
199826
480393
970131
999129
360776
567278
244834
928237
882421
841973
0453708
547098
0728826
938143
364055
676047
320097
867258
0116492
788367
0770835
542692
025263
594722
484777
64153
189536
536612
831304
721525
671838
58102
20301
993091
886569
566768
675351
62711
834883
880024
558766
186028
570359
0164077
764484
689636
720349
910663
505923
0559445
259792
316
00716759
46573
517983
733559
921804
755212
856208
281623
235076
916002
245875
425322
390785
925381
882007
883556
929471
61074
69924
120127
97045
354815
379194
112125
492561
474772
500094
0844289
996365
908465
572583
395296
739874
0649411
464768
359121
740051
0368326
0459842
856907
037346
674361
97989
014933
978553
539956
04388
491814
918686
348905
0422664
371566
9137
562222
25912
0297961
782869
676331
0876392
952435
572139
93733
698494
596472
911855
541108
400542
904793
849068
291486
00540291
806662
575288
869593
246412
450996
898046
451544
101496
839662
202552
296898
966456
227897
271072
907158
596701
756911
398734
51731
421356
728973
844933
790126
647736
502994
815904
899573
117512
0177638
556586
535485
896147
539203
377293
158594
484979
0428933
906877
876454
554588
961206
991094
312361
845555
248957
223224
720152
588901
659426
977835
466999
85189
721796
22518
608473
601437
346594
201459
926578
997842
72506
0873168
533418
14994
0342151
0539
897452
476445
613618
0762585
676909
814454
535522
512301
246187
673098
76618
184046
261714
635422
537883
202027
463518
34265
924501
0853241
0420748
150827
956973
837611
72223
525187
822674
687688
963895
178319
0128297
628393
395396
413379
658642
795208
0581797
82566
860686
549225
82045
30851
121607
845618
298356
467547
0597782
69184
754455
120333
444364
427452
180373
522133
484533
545685
335027
802899
329913
848265
790224
298615
820949
691357
6411
973037
830609
0538407
901132
321401
789287
538514
809285
653157
614744
99725
775835
463367
801209
921633
880258
502036
711357
778315
133477
340451
961913
867961
825068
924226
463407
480522
138568
911014
416186
84203
99777
512075
440146
531347
341943
0383903
226489
593519
270572
501567
828395
840425
0291967
709424
284607
387757
029234
33659
0652597
820251
957556
63916
359656
740571
781642
0566416
974872
679551
212618
464652
410949
827675
737611
0205453
305101
840848
140314
259108
836407
484124
668819
842879
273998
0906447
464863
951341
182284
650396
204773
621988
75109
572217
254484
113626
705382
353107
668863
574723
372568
744323
838699
0157111
0557977
792458
844447
628898
88379
851483
879436
683141
543437
5506
933941
753628
22996
941825
256329
129183
172131
998332
961069
694829
993782
488418
841601
783
875924
651459
0726324
733066
636637
958853
438815
161666
116672
904253
780169
301022
271046
462495
14573
284925
732838
813949
0362255
842058
467179
885532
13616
448959
655309
772468
86848
541507
110401
512079
515999
395589
668726
275469
806554
745953
226992
0584024
569161
883973
931332
892902
000741397
460652
179401
190864
84509
431072
0220428
474126
633721
941699
143265
847148
0243752
673263
536339
247235
276716
766917
5671
243946
999516
866915
24594
505228
369406
614554
80316
705276
574878
968019
489467
476093
700311
121973
00846097
203478
856088
271561
121871
289892
215193
750203
665042
36251
699044
829052
88362
00517365
953569
628354
746159
696163
419139
473514
352
0663577
274548
326637
787104
859327
706769
660473
568069
538118
149843
412302
557299
517296
199056
529638
631361
291779
927125
186265
560625
426155
3824
00074752
563577
0328528
156456
552975
853011
554302
157874
383612
368733
289539
28297
869084
69853
194164
321197
363959
0524666
805947
543169
